  -1.799999952300000E+00   6.580343088000000E+00  -6.140450000000000E+00  -2.365542000000000E+00   2.000000000000000E+00
  -1.800046190700000E+00   6.580529293200000E+00  -6.140644060400000E+00  -2.365556235200000E+00   2.000000000000000E+00
  -1.800092446900000E+00   6.580715448200000E+00  -6.140838128100000E+00  -2.365570310600000E+00   2.000000000000000E+00
  -1.800184967700000E+00   6.581087757500000E+00  -6.141226261500000E+00  -2.365598460800000E+00   2.000000000000000E+00
  -1.800370042900000E+00   6.581832373600000E+00  -6.142002520400000E+00  -2.365654758100000E+00   2.000000000000000E+00
  -1.800740328000000E+00   6.583321595800000E+00  -6.143555007000000E+00  -2.365767340600000E+00   2.000000000000000E+00
  -1.801481436500000E+00   6.586299999600000E+00  -6.146659855200000E+00  -2.365992457400000E+00   2.000000000000000E+00
  -1.802594445000000E+00   6.590767503400000E+00  -6.151316814900000E+00  -2.366330012300000E+00   2.000000000000000E+00
  -1.804266985000000E+00   6.597468528100000E+00  -6.158301549800000E+00  -2.366836073800000E+00   2.000000000000000E+00
  -1.806595980900000E+00   6.606775041000000E+00  -6.168001165200000E+00  -2.367538398600000E+00   2.000000000000000E+00
  -1.808931977700000E+00   6.616081004100000E+00  -6.177699142100000E+00  -2.368240098100000E+00   2.000000000000000E+00
  -1.811274971500000E+00   6.625386408400000E+00  -6.187395476200000E+00  -2.368941173100000E+00   2.000000000000000E+00
  -1.813624958300000E+00   6.634691244900000E+00  -6.197090162900000E+00  -2.369641624600000E+00   2.000000000000000E+00
  -1.815981934200000E+00   6.643995504900000E+00  -6.206783197700000E+00  -2.370341453400000E+00   2.000000000000000E+00
  -1.818345895400000E+00   6.653299179300000E+00  -6.216474576200000E+00  -2.371040660400000E+00   2.000000000000000E+00
  -1.820716837900000E+00   6.662602259500000E+00  -6.226164293900000E+00  -2.371739246500000E+00   2.000000000000000E+00
  -1.823094757600000E+00   6.671904736500000E+00  -6.235852346400000E+00  -2.372437212400000E+00   2.000000000000000E+00
  -1.825479650700000E+00   6.681206601700000E+00  -6.245538729200000E+00  -2.373134559200000E+00   2.000000000000000E+00
  -1.827871513100000E+00   6.690507846300000E+00  -6.255223438000000E+00  -2.373831287600000E+00   2.000000000000000E+00
  -1.830270340800000E+00   6.699808461600000E+00  -6.264906468200000E+00  -2.374527398600000E+00   2.000000000000000E+00
  -1.832676129900000E+00   6.709108439000000E+00  -6.274587815600000E+00  -2.375222892900000E+00   2.000000000000000E+00
  -1.835088876200000E+00   6.718407769900000E+00  -6.284267475700000E+00  -2.375917771400000E+00   2.000000000000000E+00
  -1.837508575700000E+00   6.727706445600000E+00  -6.293945444100000E+00  -2.376612035000000E+00   2.000000000000000E+00
  -1.839935224500000E+00   6.737004457500000E+00  -6.303621716400000E+00  -2.377305684500000E+00   2.000000000000000E+00
  -1.842368818300000E+00   6.746301797300000E+00  -6.313296288300000E+00  -2.377998720800000E+00   2.000000000000000E+00
  -1.844809353200000E+00   6.755598456300000E+00  -6.322969155400000E+00  -2.378691144700000E+00   2.000000000000000E+00
  -1.847256824900000E+00   6.764894426100000E+00  -6.332640313500000E+00  -2.379382957100000E+00   2.000000000000000E+00
  -1.849711229500000E+00   6.774189698300000E+00  -6.342309758000000E+00  -2.380074158800000E+00   2.000000000000000E+00
  -1.852172562800000E+00   6.783484264400000E+00  -6.351977484900000E+00  -2.380764750600000E+00   2.000000000000000E+00
  -1.854640820500000E+00   6.792778116200000E+00  -6.361643489600000E+00  -2.381454733500000E+00   2.000000000000000E+00
  -1.857115998700000E+00   6.802071245200000E+00  -6.371307767900000E+00  -2.382144108100000E+00   2.000000000000000E+00
  -1.859598093000000E+00   6.811363643200000E+00  -6.380970315600000E+00  -2.382832875500000E+00   2.000000000000000E+00
  -1.862087099400000E+00   6.820655301900000E+00  -6.390631128300000E+00  -2.383521036300000E+00   2.000000000000000E+00
  -1.864583013600000E+00   6.829946213100000E+00  -6.400290201700000E+00  -2.384208591400000E+00   2.000000000000000E+00
  -1.867085831500000E+00   6.839236368500000E+00  -6.409947531700000E+00  -2.384895541700000E+00   2.000000000000000E+00
  -1.869595548700000E+00   6.848525759900000E+00  -6.419603113900000E+00  -2.385581888000000E+00   2.000000000000000E+00
  -1.872112161100000E+00   6.857814379300000E+00  -6.429256944200000E+00  -2.386267631100000E+00   2.000000000000000E+00
  -1.874635664500000E+00   6.867102218500000E+00  -6.438909018200000E+00  -2.386952771900000E+00   2.000000000000000E+00
  -1.877166054500000E+00   6.876389269400000E+00  -6.448559331800000E+00  -2.387637311000000E+00   2.000000000000000E+00
  -1.879703326900000E+00   6.885675524000000E+00  -6.458207880700000E+00  -2.388321249500000E+00   2.000000000000000E+00
  -1.882247477400000E+00   6.894960974200000E+00  -6.467854660900000E+00  -2.389004588000000E+00   2.000000000000000E+00
  -1.884798501700000E+00   6.904245612000000E+00  -6.477499667900000E+00  -2.389687327400000E+00   2.000000000000000E+00
  -1.887356395600000E+00   6.913529429500000E+00  -6.487142897800000E+00  -2.390369468600000E+00   2.000000000000000E+00
  -1.889921154600000E+00   6.922812418800000E+00  -6.496784346300000E+00  -2.391051012300000E+00   2.000000000000000E+00
  -1.892492774400000E+00   6.932094571900000E+00  -6.506424009300000E+00  -2.391731959300000E+00   2.000000000000000E+00
  -1.895071250800000E+00   6.941375881000000E+00  -6.516061882600000E+00  -2.392412310500000E+00   2.000000000000000E+00
  -1.897656579200000E+00   6.950656338200000E+00  -6.525697962100000E+00  -2.393092066600000E+00   2.000000000000000E+00
  -1.900248755500000E+00   6.959935935800000E+00  -6.535332243700000E+00  -2.393771228500000E+00   2.000000000000000E+00
  -1.902847775100000E+00   6.969214665800000E+00  -6.544964723200000E+00  -2.394449796900000E+00   2.000000000000000E+00
  -1.905453633700000E+00   6.978492520700000E+00  -6.554595396600000E+00  -2.395127772700000E+00   2.000000000000000E+00
  -1.908066326900000E+00   6.987769492600000E+00  -6.564224259800000E+00  -2.395805156700000E+00   2.000000000000000E+00
  -1.910685850300000E+00   6.997045573800000E+00  -6.573851308600000E+00  -2.396481949600000E+00   2.000000000000000E+00
  -1.913312199300000E+00   7.006320756700000E+00  -6.583476539000000E+00  -2.397158152200000E+00   2.000000000000000E+00
  -1.915945369600000E+00   7.015595033700000E+00  -6.593099947000000E+00  -2.397833765400000E+00   2.000000000000000E+00
  -1.918585356800000E+00   7.024868397200000E+00  -6.602721528400000E+00  -2.398508790000000E+00   2.000000000000000E+00
  -1.921232156300000E+00   7.034140839500000E+00  -6.612341279300000E+00  -2.399183226700000E+00   2.000000000000000E+00
  -1.923885763700000E+00   7.043412353100000E+00  -6.621959195700000E+00  -2.399857076200000E+00   2.000000000000000E+00
  -1.926546174400000E+00   7.052682930500000E+00  -6.631575273400000E+00  -2.400530339500000E+00   2.000000000000000E+00
  -1.929213384000000E+00   7.061952564200000E+00  -6.641189508600000E+00  -2.401203017300000E+00   2.000000000000000E+00
  -1.931887388000000E+00   7.071221246700000E+00  -6.650801897100000E+00  -2.401875110300000E+00   2.000000000000000E+00
  -1.934568181800000E+00   7.080488970700000E+00  -6.660412435100000E+00  -2.402546619400000E+00   2.000000000000000E+00
  -1.937255760900000E+00   7.089755728600000E+00  -6.670021118500000E+00  -2.403217545300000E+00   2.000000000000000E+00
  -1.939950120700000E+00   7.099021513100000E+00  -6.679627943400000E+00  -2.403887888800000E+00   2.000000000000000E+00
  -1.942651256800000E+00   7.108286317000000E+00  -6.689232905800000E+00  -2.404557650700000E+00   2.000000000000000E+00
  -1.945359164400000E+00   7.117550132700000E+00  -6.698836001800000E+00  -2.405226831700000E+00   2.000000000000000E+00
  -1.948073839000000E+00   7.126812953100000E+00  -6.708437227500000E+00  -2.405895432700000E+00   2.000000000000000E+00
  -1.950795276100000E+00   7.136074770800000E+00  -6.718036578900000E+00  -2.406563454300000E+00   2.000000000000000E+00
  -1.953523471000000E+00   7.145335578700000E+00  -6.727634052100000E+00  -2.407230897500000E+00   2.000000000000000E+00
  -1.956258419200000E+00   7.154595369600000E+00  -6.737229643300000E+00  -2.407897762800000E+00   2.000000000000000E+00
  -1.959000115800000E+00   7.163854136100000E+00  -6.746823348400000E+00  -2.408564051200000E+00   2.000000000000000E+00
  -1.961748556500000E+00   7.173111871300000E+00  -6.756415163800000E+00  -2.409229763300000E+00   2.000000000000000E+00
  -1.964503736400000E+00   7.182368567900000E+00  -6.766005085400000E+00  -2.409894900000000E+00   2.000000000000000E+00
  -1.967265651000000E+00   7.191624218800000E+00  -6.775593109500000E+00  -2.410559461900000E+00   2.000000000000000E+00
  -1.970034295500000E+00   7.200878817000000E+00  -6.785179232100000E+00  -2.411223449900000E+00   2.000000000000000E+00
  -1.972809665300000E+00   7.210132355400000E+00  -6.794763449500000E+00  -2.411886864700000E+00   2.000000000000000E+00
  -1.975591755600000E+00   7.219384827100000E+00  -6.804345757900000E+00  -2.412549707000000E+00   2.000000000000000E+00
  -1.978380561900000E+00   7.228636224900000E+00  -6.813926153300000E+00  -2.413211977700000E+00   2.000000000000000E+00
  -1.981176079300000E+00   7.237886542000000E+00  -6.823504632100000E+00  -2.413873677400000E+00   2.000000000000000E+00
  -1.983978303200000E+00   7.247135771400000E+00  -6.833081190400000E+00  -2.414534807000000E+00   2.000000000000000E+00
  -1.986787228800000E+00   7.256383906200000E+00  -6.842655824500000E+00  -2.415195367100000E+00   2.000000000000000E+00
  -1.989602851300000E+00   7.265630939400000E+00  -6.852228530500000E+00  -2.415855358500000E+00   2.000000000000000E+00
  -1.992425166000000E+00   7.274876864300000E+00  -6.861799304800000E+00  -2.416514782000000E+00   2.000000000000000E+00
  -1.995254168200000E+00   7.284121674000000E+00  -6.871368143600000E+00  -2.417173638300000E+00   2.000000000000000E+00
  -1.998089853100000E+00   7.293365361700000E+00  -6.880935043100000E+00  -2.417831928100000E+00   2.000000000000000E+00
  -2.000932215800000E+00   7.302607920600000E+00  -6.890499999600000E+00  -2.418489652300000E+00   2.000000000000000E+00
  -2.003781251600000E+00   7.311849344000000E+00  -6.900063009400000E+00  -2.419146811400000E+00   2.000000000000000E+00
  -2.006636955700000E+00   7.321089625000000E+00  -6.909624068800000E+00  -2.419803406400000E+00   2.000000000000000E+00
  -2.009499323300000E+00   7.330328757100000E+00  -6.919183174100000E+00  -2.420459437800000E+00   2.000000000000000E+00
  -2.012368349400000E+00   7.339566733500000E+00  -6.928740321700000E+00  -2.421114906500000E+00   2.000000000000000E+00
  -2.015244029400000E+00   7.348803547600000E+00  -6.938295507800000E+00  -2.421769813200000E+00   2.000000000000000E+00
  -2.018126358400000E+00   7.358039192800000E+00  -6.947848728800000E+00  -2.422424158600000E+00   2.000000000000000E+00
  -2.021015331500000E+00   7.367273662400000E+00  -6.957399981100000E+00  -2.423077943400000E+00   2.000000000000000E+00
  -2.023910943800000E+00   7.376506949900000E+00  -6.966949261000000E+00  -2.423731168400000E+00   2.000000000000000E+00
  -2.026813190400000E+00   7.385739048700000E+00  -6.976496564900000E+00  -2.424383834300000E+00   2.000000000000000E+00
  -2.029722066600000E+00   7.394969952300000E+00  -6.986041889200000E+00  -2.425035941800000E+00   2.000000000000000E+00
  -2.032637567300000E+00   7.404199654300000E+00  -6.995585230200000E+00  -2.425687491600000E+00   2.000000000000000E+00
  -2.035559687700000E+00   7.413428148000000E+00  -7.005126584400000E+00  -2.426338484600000E+00   2.000000000000000E+00
  -2.038488422900000E+00   7.422655427100000E+00  -7.014665948300000E+00  -2.426988921300000E+00   2.000000000000000E+00
  -2.041423767900000E+00   7.431881485200000E+00  -7.024203318100000E+00  -2.427638802500000E+00   2.000000000000000E+00
  -2.044365717900000E+00   7.441106315800000E+00  -7.033738690500000E+00  -2.428288129000000E+00   2.000000000000000E+00
  -2.047314267900000E+00   7.450329912600000E+00  -7.043272061700000E+00  -2.428936901500000E+00   2.000000000000000E+00
  -2.050269412800000E+00   7.459552269200000E+00  -7.052803428400000E+00  -2.429585120600000E+00   2.000000000000000E+00
  -2.053231147900000E+00   7.468773379300000E+00  -7.062332786900000E+00  -2.430232787100000E+00   2.000000000000000E+00
  -2.056199468100000E+00   7.477993236600000E+00  -7.071860133700000E+00  -2.430879901700000E+00   2.000000000000000E+00
  -2.059174368400000E+00   7.487211834900000E+00  -7.081385465400000E+00  -2.431526465100000E+00   2.000000000000000E+00
  -2.062155843800000E+00   7.496429167800000E+00  -7.090908778500000E+00  -2.432172478000000E+00   2.000000000000000E+00
  -2.065143889500000E+00   7.505645229100000E+00  -7.100430069400000E+00  -2.432817941100000E+00   2.000000000000000E+00
  -2.068138500200000E+00   7.514860012700000E+00  -7.109949334700000E+00  -2.433462855200000E+00   2.000000000000000E+00
  -2.071139671200000E+00   7.524073512300000E+00  -7.119466570900000E+00  -2.434107221000000E+00   2.000000000000000E+00
  -2.074147397200000E+00   7.533285721800000E+00  -7.128981774700000E+00  -2.434751039100000E+00   2.000000000000000E+00
  -2.077161673400000E+00   7.542496635100000E+00  -7.138494942500000E+00  -2.435394310200000E+00   2.000000000000000E+00
  -2.080182494600000E+00   7.551706246000000E+00  -7.148006070900000E+00  -2.436037035100000E+00   2.000000000000000E+00
  -2.083209855800000E+00   7.560914548600000E+00  -7.157515156600000E+00  -2.436679214500000E+00   2.000000000000000E+00
  -2.086243752000000E+00   7.570121536600000E+00  -7.167022196000000E+00  -2.437320849000000E+00   2.000000000000000E+00
  -2.089284178100000E+00   7.579327204100000E+00  -7.176527185900000E+00  -2.437961939400000E+00   2.000000000000000E+00
  -2.092331129000000E+00   7.588531545100000E+00  -7.186030122800000E+00  -2.438602486400000E+00   2.000000000000000E+00
  -2.095384599700000E+00   7.597734553600000E+00  -7.195531003300000E+00  -2.439242490500000E+00   2.000000000000000E+00
  -2.098444585000000E+00   7.606936223600000E+00  -7.205029824200000E+00  -2.439881952700000E+00   2.000000000000000E+00
  -2.101511080000000E+00   7.616136549200000E+00  -7.214526582000000E+00  -2.440520873400000E+00   2.000000000000000E+00
  -2.104584079400000E+00   7.625335524400000E+00  -7.224021273400000E+00  -2.441159253500000E+00   2.000000000000000E+00
  -2.107663578100000E+00   7.634533143400000E+00  -7.233513895200000E+00  -2.441797093600000E+00   2.000000000000000E+00
  -2.110749571100000E+00   7.643729400300000E+00  -7.243004443900000E+00  -2.442434394500000E+00   2.000000000000000E+00
  -2.113842053200000E+00   7.652924289300000E+00  -7.252492916300000E+00  -2.443071156700000E+00   2.000000000000000E+00
  -2.116941019300000E+00   7.662117804400000E+00  -7.261979309100000E+00  -2.443707381000000E+00   2.000000000000000E+00
  -2.120046464200000E+00   7.671309940000000E+00  -7.271463618900000E+00  -2.444343068000000E+00   2.000000000000000E+00
  -2.123158382900000E+00   7.680500690200000E+00  -7.280945842600000E+00  -2.444978218500000E+00   2.000000000000000E+00
  -2.126276770000000E+00   7.689690049300000E+00  -7.290425976900000E+00  -2.445612833200000E+00   2.000000000000000E+00
  -2.129401620500000E+00   7.698878011600000E+00  -7.299904018500000E+00  -2.446246912700000E+00   2.000000000000000E+00
  -2.132532929300000E+00   7.708064571200000E+00  -7.309379964200000E+00  -2.446880457600000E+00   2.000000000000000E+00
  -2.135670691000000E+00   7.717249722700000E+00  -7.318853810700000E+00  -2.447513468700000E+00   2.000000000000000E+00
  -2.138814900500000E+00   7.726433460200000E+00  -7.328325554900000E+00  -2.448145946700000E+00   2.000000000000000E+00
  -2.141965552700000E+00   7.735615778200000E+00  -7.337795193500000E+00  -2.448777892200000E+00   2.000000000000000E+00
  -2.145122642300000E+00   7.744796671000000E+00  -7.347262723400000E+00  -2.449409306000000E+00   2.000000000000000E+00
  -2.148286164100000E+00   7.753976133000000E+00  -7.356728141300000E+00  -2.450040188500000E+00   2.000000000000000E+00
  -2.151456113000000E+00   7.763154158700000E+00  -7.366191444200000E+00  -2.450670540700000E+00   2.000000000000000E+00
  -2.154632483600000E+00   7.772330742400000E+00  -7.375652628800000E+00  -2.451300363000000E+00   2.000000000000000E+00
  -2.157815270700000E+00   7.781505878800000E+00  -7.385111691900000E+00  -2.451929656300000E+00   2.000000000000000E+00
  -2.161004469200000E+00   7.790679562200000E+00  -7.394568630500000E+00  -2.452558421100000E+00   2.000000000000000E+00
  -2.164200073700000E+00   7.799851787200000E+00  -7.404023441500000E+00  -2.453186658100000E+00   2.000000000000000E+00
  -2.167402079000000E+00   7.809022548200000E+00  -7.413476121700000E+00  -2.453814368000000E+00   2.000000000000000E+00
  -2.170610479900000E+00   7.818191840000000E+00  -7.422926667900000E+00  -2.454441551500000E+00   2.000000000000000E+00
  -2.173825271000000E+00   7.827359657000000E+00  -7.432375077200000E+00  -2.455068209200000E+00   2.000000000000000E+00
  -2.177046447200000E+00   7.836525993900000E+00  -7.441821346400000E+00  -2.455694341800000E+00   2.000000000000000E+00
  -2.180274003000000E+00   7.845690845200000E+00  -7.451265472500000E+00  -2.456319949900000E+00   2.000000000000000E+00
  -2.183507933400000E+00   7.854854205600000E+00  -7.460707452400000E+00  -2.456945034200000E+00   2.000000000000000E+00
  -2.186748232800000E+00   7.864016069800000E+00  -7.470147283000000E+00  -2.457569595400000E+00   2.000000000000000E+00
  -2.189994896200000E+00   7.873176432500000E+00  -7.479584961400000E+00  -2.458193634100000E+00   2.000000000000000E+00
  -2.193247918000000E+00   7.882335288400000E+00  -7.489020484500000E+00  -2.458817151000000E+00   2.000000000000000E+00
  -2.196507293100000E+00   7.891492632200000E+00  -7.498453849200000E+00  -2.459440146800000E+00   2.000000000000000E+00
  -2.199773016100000E+00   7.900648458700000E+00  -7.507885052600000E+00  -2.460062622000000E+00   2.000000000000000E+00
  -2.203045081700000E+00   7.909802762600000E+00  -7.517314091700000E+00  -2.460684577300000E+00   2.000000000000000E+00
  -2.206323484500000E+00   7.918955538700000E+00  -7.526740963500000E+00  -2.461306013500000E+00   2.000000000000000E+00
  -2.209608219300000E+00   7.928106781900000E+00  -7.536165665100000E+00  -2.461926931100000E+00   2.000000000000000E+00
  -2.212899280600000E+00   7.937256487000000E+00  -7.545588193400000E+00  -2.462547330800000E+00   2.000000000000000E+00
  -2.216196663100000E+00   7.946404648800000E+00  -7.555008545500000E+00  -2.463167213200000E+00   2.000000000000000E+00
  -2.219500361500000E+00   7.955551262300000E+00  -7.564426718500000E+00  -2.463786579100000E+00   2.000000000000000E+00
  -2.222810370400000E+00   7.964696322300000E+00  -7.573842709500000E+00  -2.464405428900000E+00   2.000000000000000E+00
  -2.226126684400000E+00   7.973839823700000E+00  -7.583256515500000E+00  -2.465023763500000E+00   2.000000000000000E+00
  -2.229449298200000E+00   7.982981761600000E+00  -7.592668133700000E+00  -2.465641583400000E+00   2.000000000000000E+00
  -2.232778206400000E+00   7.992122130800000E+00  -7.602077561100000E+00  -2.466258889200000E+00   2.000000000000000E+00
  -2.236113403500000E+00   8.001260926300001E+00  -7.611484794800000E+00  -2.466875681700000E+00   2.000000000000000E+00
  -2.239454884200000E+00   8.010398143200000E+00  -7.620889832100000E+00  -2.467491961400000E+00   2.000000000000000E+00
  -2.242802643100000E+00   8.019533776399999E+00  -7.630292670000000E+00  -2.468107729000000E+00   2.000000000000000E+00
  -2.246156674800000E+00   8.028667821100001E+00  -7.639693305700000E+00  -2.468722985100000E+00   2.000000000000000E+00
  -2.249516973900000E+00   8.037800272300000E+00  -7.649091736300000E+00  -2.469337730400000E+00   2.000000000000000E+00
  -2.252883535000000E+00   8.046931125000000E+00  -7.658487959000000E+00  -2.469951965500000E+00   2.000000000000000E+00
  -2.256256352600000E+00   8.056060374399999E+00  -7.667881971100000E+00  -2.470565691000000E+00   2.000000000000000E+00
  -2.259635421300000E+00   8.065188015600000E+00  -7.677273769600000E+00  -2.471178907600000E+00   2.000000000000000E+00
  -2.263020735700000E+00   8.074314043799999E+00  -7.686663351900000E+00  -2.471791615900000E+00   2.000000000000000E+00
  -2.266412290300000E+00   8.083438454100000E+00  -7.696050715100000E+00  -2.472403816600000E+00   2.000000000000000E+00
  -2.269810079800000E+00   8.092561241700000E+00  -7.705435856400000E+00  -2.473015510200000E+00   2.000000000000000E+00
  -2.273214098600000E+00   8.101682401800000E+00  -7.714818773100000E+00  -2.473626697400000E+00   2.000000000000000E+00
  -2.276624341300000E+00   8.110801929699999E+00  -7.724199462500000E+00  -2.474237378800000E+00   2.000000000000000E+00
  -2.280040802500000E+00   8.119919820600000E+00  -7.733577921700000E+00  -2.474847555100000E+00   2.000000000000000E+00
  -2.283463476600000E+00   8.129036069700000E+00  -7.742954148200000E+00  -2.475457226900000E+00   2.000000000000000E+00
  -2.286892358200000E+00   8.138150672400000E+00  -7.752328139100000E+00  -2.476066394800000E+00   2.000000000000000E+00
  -2.290327441900000E+00   8.147263624000001E+00  -7.761699891700000E+00  -2.476675059400000E+00   2.000000000000000E+00
  -2.293768722200000E+00   8.156374919699999E+00  -7.771069403400000E+00  -2.477283221300000E+00   2.000000000000000E+00
  -2.297216193500000E+00   8.165484555000001E+00  -7.780436671400000E+00  -2.477890881300000E+00   2.000000000000000E+00
  -2.300669850400000E+00   8.174592525200000E+00  -7.789801693200000E+00  -2.478498039800000E+00   2.000000000000000E+00
  -2.304129687500000E+00   8.183698825600001E+00  -7.799164466000000E+00  -2.479104697600000E+00   2.000000000000000E+00
  -2.307595699100000E+00   8.192803451800000E+00  -7.808524987100000E+00  -2.479710855200000E+00   2.000000000000000E+00
  -2.311067879800000E+00   8.201906399100000E+00  -7.817883254000000E+00  -2.480316513200000E+00   2.000000000000000E+00
  -2.314546224100000E+00   8.211007662900000E+00  -7.827239264100000E+00  -2.480921672300000E+00   2.000000000000000E+00
  -2.318030726400000E+00   8.220107238800001E+00  -7.836593014600000E+00  -2.481526333100000E+00   2.000000000000000E+00
  -2.321521381300000E+00   8.229205122200000E+00  -7.845944503000000E+00  -2.482130496200000E+00   2.000000000000000E+00
  -2.325018183300000E+00   8.238301308700001E+00  -7.855293726600000E+00  -2.482734162200000E+00   2.000000000000000E+00
  -2.328521126800000E+00   8.247395793600001E+00  -7.864640683000000E+00  -2.483337331800000E+00   2.000000000000000E+00
  -2.332030206200000E+00   8.256488572700000E+00  -7.873985369500000E+00  -2.483940005500000E+00   2.000000000000000E+00
  -2.335545416100000E+00   8.265579641300000E+00  -7.883327783600000E+00  -2.484542183900000E+00   2.000000000000000E+00
  -2.339066750900000E+00   8.274668995200001E+00  -7.892667922700000E+00  -2.485143867700000E+00   2.000000000000000E+00
  -2.342594205000000E+00   8.283756629999999E+00  -7.902005784200000E+00  -2.485745057500000E+00   2.000000000000000E+00
  -2.346127773000000E+00   8.292842541100001E+00  -7.911341365700000E+00  -2.486345753800000E+00   2.000000000000000E+00
  -2.349667449200000E+00   8.301926724399999E+00  -7.920674664500000E+00  -2.486945957400000E+00   2.000000000000000E+00
  -2.353213228100000E+00   8.311009175300001E+00  -7.930005678300000E+00  -2.487545668700000E+00   2.000000000000000E+00
  -2.356765104200000E+00   8.320089889700000E+00  -7.939334404500000E+00  -2.488144888500000E+00   2.000000000000000E+00
  -2.360323071900000E+00   8.329168863100000E+00  -7.948660840600000E+00  -2.488743617200000E+00   2.000000000000000E+00
  -2.363887125500000E+00   8.338246091400000E+00  -7.957984984100000E+00  -2.489341855500000E+00   2.000000000000000E+00
  -2.367457259600000E+00   8.347321570200000E+00  -7.967306832600000E+00  -2.489939604100000E+00   2.000000000000000E+00
  -2.371033468600000E+00   8.356395295300000E+00  -7.976626383600000E+00  -2.490536863400000E+00   2.000000000000000E+00
  -2.374615746800000E+00   8.365467262399999E+00  -7.985943634600000E+00  -2.491133634200000E+00   2.000000000000000E+00
  -2.378204088800000E+00   8.374537467400000E+00  -7.995258583300000E+00  -2.491729916900000E+00   2.000000000000000E+00
  -2.381798488800000E+00   8.383605906000000E+00  -8.004571227200000E+00  -2.492325712300000E+00   2.000000000000000E+00
  -2.385398941400000E+00   8.392672574100001E+00  -8.013881563900000E+00  -2.492921020900000E+00   2.000000000000000E+00
  -2.389005440900000E+00   8.401737467500000E+00  -8.023189590900000E+00  -2.493515843300000E+00   2.000000000000000E+00
  -2.392617981700000E+00   8.410800582100000E+00  -8.032495306000000E+00  -2.494110180000000E+00   2.000000000000000E+00
  -2.396236558300000E+00   8.419861913600000E+00  -8.041798706700000E+00  -2.494704031800000E+00   2.000000000000000E+00
  -2.399861164900000E+00   8.428921458200000E+00  -8.051099790600000E+00  -2.495297399100000E+00   2.000000000000000E+00
  -2.403491796100000E+00   8.437979211500000E+00  -8.060398555400001E+00  -2.495890282600000E+00   2.000000000000000E+00
  -2.407128446100000E+00   8.447035169699999E+00  -8.069694998699999E+00  -2.496482682900000E+00   2.000000000000000E+00
  -2.410771109400000E+00   8.456089328499999E+00  -8.078989118200001E+00  -2.497074600500000E+00   2.000000000000000E+00
  -2.414419780400000E+00   8.465141684100001E+00  -8.088280911600000E+00  -2.497666036100000E+00   2.000000000000000E+00
  -2.418074453400000E+00   8.474192232400000E+00  -8.097570376500000E+00  -2.498256990200000E+00   2.000000000000000E+00
  -2.421735122800000E+00   8.483240969300001E+00  -8.106857510599999E+00  -2.498847463500000E+00   2.000000000000000E+00
  -2.425401783000000E+00   8.492287890900000E+00  -8.116142311699999E+00  -2.499437456400000E+00   2.000000000000000E+00
  -2.429074428400000E+00   8.501332993300000E+00  -8.125424777499999E+00  -2.500026969700000E+00   2.000000000000000E+00
  -2.432753053200000E+00   8.510376272500000E+00  -8.134704905600000E+00  -2.500616003800000E+00   2.000000000000000E+00
  -2.436437651900000E+00   8.519417724600000E+00  -8.143982693800000E+00  -2.501204559400000E+00   2.000000000000000E+00
  -2.440128218800000E+00   8.528457345600000E+00  -8.153258140000000E+00  -2.501792637000000E+00   2.000000000000000E+00
  -2.443824748300000E+00   8.537495131700000E+00  -8.162531241700000E+00  -2.502380237300000E+00   2.000000000000000E+00
  -2.447527234800000E+00   8.546531078899999E+00  -8.171801996799999E+00  -2.502967360700000E+00   2.000000000000000E+00
  -2.451235672500000E+00   8.555565183600001E+00  -8.181070403000000E+00  -2.503554008000000E+00   2.000000000000000E+00
  -2.454950055800000E+00   8.564597441700000E+00  -8.190336458299999E+00  -2.504140179600000E+00   2.000000000000000E+00
  -2.458670379100000E+00   8.573627849499999E+00  -8.199600160199999E+00  -2.504725876200000E+00   2.000000000000000E+00
  -2.462396636800000E+00   8.582656403200000E+00  -8.208861506700000E+00  -2.505311098300000E+00   2.000000000000000E+00
  -2.466128823000000E+00   8.591683099000001E+00  -8.218120495599999E+00  -2.505895846500000E+00   2.000000000000000E+00
  -2.469866932300000E+00   8.600707933100001E+00  -8.227377124700000E+00  -2.506480121400000E+00   2.000000000000000E+00
  -2.473610958800000E+00   8.609730901800001E+00  -8.236631391800000E+00  -2.507063923600000E+00   2.000000000000000E+00
  -2.477360897000000E+00   8.618752001400001E+00  -8.245883294900000E+00  -2.507647253600000E+00   2.000000000000000E+00
  -2.481116741200000E+00   8.627771228000000E+00  -8.255132831699999E+00  -2.508230112000000E+00   2.000000000000000E+00
  -2.484878485600000E+00   8.636788578099999E+00  -8.264380000099999E+00  -2.508812499300000E+00   2.000000000000000E+00
  -2.488646124700000E+00   8.645804047900000E+00  -8.273624798000000E+00  -2.509394416300000E+00   2.000000000000000E+00
  -2.492419652700000E+00   8.654817633700000E+00  -8.282867223300000E+00  -2.509975863300000E+00   2.000000000000000E+00
  -2.496199064000000E+00   8.663829332000001E+00  -8.292107273899999E+00  -2.510556841000000E+00   2.000000000000000E+00
  -2.499984352800000E+00   8.672839139100001E+00  -8.301344947800001E+00  -2.511137350000000E+00   2.000000000000000E+00
  -2.503775513500000E+00   8.681847051300000E+00  -8.310580242700000E+00  -2.511717390800000E+00   2.000000000000000E+00
  -2.507572540400000E+00   8.690853065100001E+00  -8.319813156800000E+00  -2.512296964000000E+00   2.000000000000000E+00
  -2.511375427700000E+00   8.699857176800000E+00  -8.329043687800000E+00  -2.512876070100000E+00   2.000000000000000E+00
  -2.515184169900000E+00   8.708859383000000E+00  -8.338271833900000E+00  -2.513454709800000E+00   2.000000000000000E+00
  -2.518998761200000E+00   8.717859680100000E+00  -8.347497592800000E+00  -2.514032883500000E+00   2.000000000000000E+00
  -2.522819195900000E+00   8.726858064500000E+00  -8.356720962700001E+00  -2.514610592000000E+00   2.000000000000000E+00
  -2.526645468300000E+00   8.735854532699999E+00  -8.365941941499999E+00  -2.515187835600000E+00   2.000000000000000E+00
  -2.530477572700000E+00   8.744849081200000E+00  -8.375160527100000E+00  -2.515764615000000E+00   2.000000000000000E+00
  -2.534315503400000E+00   8.753841706499999E+00  -8.384376717700000E+00  -2.516340930700000E+00   2.000000000000000E+00
  -2.538159254700000E+00   8.762832405299999E+00  -8.393590511099999E+00  -2.516916783400000E+00   2.000000000000000E+00
  -2.542008820800000E+00   8.771821173899999E+00  -8.402801905500001E+00  -2.517492173500000E+00   2.000000000000000E+00
  -2.545864196200000E+00   8.780808008999999E+00  -8.412010898900000E+00  -2.518067101600000E+00   2.000000000000000E+00
  -2.549725374900000E+00   8.789792907100001E+00  -8.421217489200000E+00  -2.518641568300000E+00   2.000000000000000E+00
  -2.553592351500000E+00   8.798775865000000E+00  -8.430421674700000E+00  -2.519215574100000E+00   2.000000000000000E+00
  -2.557465120000000E+00   8.807756878999999E+00  -8.439623453299999E+00  -2.519789119600000E+00   2.000000000000000E+00
  -2.561343674900000E+00   8.816735946000000E+00  -8.448822823100000E+00  -2.520362205400000E+00   2.000000000000000E+00
  -2.565228010400000E+00   8.825713062600000E+00  -8.458019782199999E+00  -2.520934832000000E+00   2.000000000000000E+00
  -2.569118120700000E+00   8.834688225300001E+00  -8.467214328700001E+00  -2.521506999900000E+00   2.000000000000000E+00
  -2.573014000200000E+00   8.843661430899999E+00  -8.476406460700000E+00  -2.522078709700000E+00   2.000000000000000E+00
  -2.576915643100000E+00   8.852632676100001E+00  -8.485596176300000E+00  -2.522649961900000E+00   2.000000000000000E+00
  -2.580823043700000E+00   8.861601957600000E+00  -8.494783473700000E+00  -2.523220757200000E+00   2.000000000000000E+00
  -2.584736196300000E+00   8.870569272099999E+00  -8.503968350999999E+00  -2.523791096100000E+00   2.000000000000000E+00
  -2.588655095100000E+00   8.879534616400001E+00  -8.513150806300001E+00  -2.524360979000000E+00   2.000000000000000E+00
  -2.592579734400000E+00   8.888497987099999E+00  -8.522330837800000E+00  -2.524930406600000E+00   2.000000000000000E+00
  -2.596510108500000E+00   8.897459381199999E+00  -8.531508443700000E+00  -2.525499379400000E+00   2.000000000000000E+00
  -2.600446211700000E+00   8.906418795300000E+00  -8.540683622100000E+00  -2.526067898000000E+00   2.000000000000000E+00
  -2.604388038200000E+00   8.915376226299999E+00  -8.549856371200001E+00  -2.526635962800000E+00   2.000000000000000E+00
  -2.608335582200000E+00   8.924331670999999E+00  -8.559026689200000E+00  -2.527203574500000E+00   2.000000000000000E+00
  -2.612288838100000E+00   8.933285126199999E+00  -8.568194574400000E+00  -2.527770733600000E+00   2.000000000000000E+00
  -2.616247800100000E+00   8.942236588800000E+00  -8.577360024900001E+00  -2.528337440700000E+00   2.000000000000000E+00
  -2.620212462500000E+00   8.951186055699999E+00  -8.586523038999999E+00  -2.528903696200000E+00   2.000000000000000E+00
  -2.624182819500000E+00   8.960133523600000E+00  -8.595683614800000E+00  -2.529469500700000E+00   2.000000000000000E+00
  -2.628158865400000E+00   8.969078989600000E+00  -8.604841750800000E+00  -2.530034854800000E+00   2.000000000000000E+00
  -2.632140594500000E+00   8.978022450599999E+00  -8.613997445000001E+00  -2.530599759000000E+00   2.000000000000000E+00
  -2.636128000900000E+00   8.986963903400000E+00  -8.623150695800000E+00  -2.531164213800000E+00   2.000000000000000E+00
  -2.640121079000000E+00   8.995903345000000E+00  -8.632301501500001E+00  -2.531728219800000E+00   2.000000000000000E+00
  -2.644119823000000E+00   9.004840772300000E+00  -8.641449860300000E+00  -2.532291777500000E+00   2.000000000000000E+00
  -2.648124227200000E+00   9.013776182399999E+00  -8.650595770600001E+00  -2.532854887500000E+00   2.000000000000000E+00
  -2.652134285900000E+00   9.022709572200000E+00  -8.659739230500000E+00  -2.533417550300000E+00   2.000000000000000E+00
  -2.656149993200000E+00   9.031640938800001E+00  -8.668880238600000E+00  -2.533979766400000E+00   2.000000000000000E+00
  -2.660171343400000E+00   9.040570279100001E+00  -8.678018793000000E+00  -2.534541536400000E+00   2.000000000000000E+00
  -2.664198330800000E+00   9.049497590200000E+00  -8.687154892100001E+00  -2.535102860700000E+00   2.000000000000000E+00
  -2.668230949600000E+00   9.058422869099999E+00  -8.696288534300001E+00  -2.535663740100000E+00   2.000000000000000E+00
  -2.672269194200000E+00   9.067346112799999E+00  -8.705419717900000E+00  -2.536224174800000E+00   2.000000000000000E+00
  -2.676313058600000E+00   9.076267318599999E+00  -8.714548441300000E+00  -2.536784165600000E+00   2.000000000000000E+00
  -2.680362537300000E+00   9.085186483399999E+00  -8.723674702800000E+00  -2.537343712900000E+00   2.000000000000000E+00
  -2.684417624400000E+00   9.094103604400001E+00  -8.732798500900000E+00  -2.537902817300000E+00   2.000000000000000E+00
  -2.688478314100000E+00   9.103018678600000E+00  -8.741919833900001E+00  -2.538461479200000E+00   2.000000000000000E+00
  -2.692544600800000E+00   9.111931703300000E+00  -8.751038700200001E+00  -2.539019699300000E+00   2.000000000000000E+00
  -2.696616478700000E+00   9.120842675600001E+00  -8.760155098200000E+00  -2.539577478000000E+00   2.000000000000000E+00
  -2.700693942000000E+00   9.129751592500000E+00  -8.769269026500000E+00  -2.540134816000000E+00   2.000000000000000E+00
  -2.704776985000000E+00   9.138658451500000E+00  -8.778380483299999E+00  -2.540691713600000E+00   2.000000000000000E+00
  -2.708865601800000E+00   9.147563249499999E+00  -8.787489467100000E+00  -2.541248171400000E+00   2.000000000000000E+00
  -2.712959786900000E+00   9.156465983800000E+00  -8.796595976400001E+00  -2.541804190000000E+00   2.000000000000000E+00
  -2.717059534300000E+00   9.165366651699999E+00  -8.805700009700001E+00  -2.542359769900000E+00   2.000000000000000E+00
  -2.721164838400000E+00   9.174265250400000E+00  -8.814801565400000E+00  -2.542914911600000E+00   2.000000000000000E+00
  -2.725275693500000E+00   9.183161777100000E+00  -8.823900642000000E+00  -2.543469615600000E+00   2.000000000000000E+00
  -2.729392093600000E+00   9.192056229100000E+00  -8.832997237900001E+00  -2.544023882400000E+00   2.000000000000000E+00
  -2.733514033200000E+00   9.200948603800001E+00  -8.842091351800001E+00  -2.544577712700000E+00   2.000000000000000E+00
  -2.737641506300000E+00   9.209838898199999E+00  -8.851182981999999E+00  -2.545131106800000E+00   2.000000000000000E+00
  -2.741774507400000E+00   9.218727109900000E+00  -8.860272127100000E+00  -2.545684065300000E+00   2.000000000000000E+00
  -2.745913030600000E+00   9.227613236100000E+00  -8.869358785699999E+00  -2.546236588800000E+00   2.000000000000000E+00
  -2.750057070200000E+00   9.236497274100000E+00  -8.878442956200001E+00  -2.546788677800000E+00   2.000000000000000E+00
  -2.754206620300000E+00   9.245379221400000E+00  -8.887524637200000E+00  -2.547340332600000E+00   2.000000000000000E+00
  -2.758361675400000E+00   9.254259075200000E+00  -8.896603827300000E+00  -2.547891554000000E+00   2.000000000000000E+00
  -2.762522229500000E+00   9.263136832900001E+00  -8.905680524999999E+00  -2.548442342400000E+00   2.000000000000000E+00
  -2.766688277000000E+00   9.272012492000000E+00  -8.914754728900000E+00  -2.548992698300000E+00   2.000000000000000E+00
  -2.770859812100000E+00   9.280886049899999E+00  -8.923826437600001E+00  -2.549542622300000E+00   2.000000000000000E+00
  -2.775036829100000E+00   9.289757503900001E+00  -8.932895649600001E+00  -2.550092114800000E+00   2.000000000000000E+00
  -2.779219322100000E+00   9.298626851500000E+00  -8.941962363700000E+00  -2.550641176300000E+00   2.000000000000000E+00
  -2.783407285500000E+00   9.307494090200001E+00  -8.951026578300000E+00  -2.551189807500000E+00   2.000000000000000E+00
  -2.787600713500000E+00   9.316359217400001E+00  -8.960088292100000E+00  -2.551738008700000E+00   2.000000000000000E+00
  -2.791799600300000E+00   9.325222230600000E+00  -8.969147503700000E+00  -2.552285780500000E+00   2.000000000000000E+00
  -2.796003940200000E+00   9.334083127200000E+00  -8.978204211900000E+00  -2.552833123500000E+00   2.000000000000000E+00
  -2.800213727400000E+00   9.342941904900000E+00  -8.987258415099999E+00  -2.553380038000000E+00   2.000000000000000E+00
  -2.804428956200000E+00   9.351798561000001E+00  -8.996310112100000E+00  -2.553926524700000E+00   2.000000000000000E+00
  -2.808649620900000E+00   9.360653093200000E+00  -9.005359301500000E+00  -2.554472584100000E+00   2.000000000000000E+00
  -2.812875715600000E+00   9.369505499000001E+00  -9.014405982000000E+00  -2.555018216500000E+00   2.000000000000000E+00
  -2.817107234600000E+00   9.378355775899999E+00  -9.023450152300001E+00  -2.555563422700000E+00   2.000000000000000E+00
  -2.821344172300000E+00   9.387203921499999E+00  -9.032491811200000E+00  -2.556108203000000E+00   2.000000000000000E+00
  -2.825586522700000E+00   9.396049933400000E+00  -9.041530957100001E+00  -2.556652557900000E+00   2.000000000000000E+00
  -2.829834280300000E+00   9.404893809200001E+00  -9.050567589000000E+00  -2.557196488100000E+00   2.000000000000000E+00
  -2.834087439100000E+00   9.413735546500000E+00  -9.059601705500000E+00  -2.557739993900000E+00   2.000000000000000E+00
  -2.838345993600000E+00   9.422575142900000E+00  -9.068633305400001E+00  -2.558283075900000E+00   2.000000000000000E+00
  -2.842609937900000E+00   9.431412596099999E+00  -9.077662387300000E+00  -2.558825734600000E+00   2.000000000000000E+00
  -2.846879266400000E+00   9.440247903700000E+00  -9.086688950099999E+00  -2.559367970500000E+00   2.000000000000000E+00
  -2.851153973100000E+00   9.449081063400000E+00  -9.095712992399999E+00  -2.559909784000000E+00   2.000000000000000E+00
  -2.855434052500000E+00   9.457912072799999E+00  -9.104734513100000E+00  -2.560451175800000E+00   2.000000000000000E+00
  -2.859719498800000E+00   9.466740929700000E+00  -9.113753510900001E+00  -2.560992146200000E+00   2.000000000000000E+00
  -2.864010306200000E+00   9.475567631700001E+00  -9.122769984600000E+00  -2.561532695900000E+00   2.000000000000000E+00
  -2.868306469000000E+00   9.484392176600000E+00  -9.131783932999999E+00  -2.562072825200000E+00   2.000000000000000E+00
  -2.872607981400000E+00   9.493214562100000E+00  -9.140795354800000E+00  -2.562612534700000E+00   2.000000000000000E+00
  -2.876914837800000E+00   9.502034785899999E+00  -9.149804249000001E+00  -2.563151824900000E+00   2.000000000000000E+00
  -2.881227032300000E+00   9.510852845800001E+00  -9.158810614300000E+00  -2.563690696300000E+00   2.000000000000000E+00
  -2.885544559300000E+00   9.519668739600000E+00  -9.167814449600000E+00  -2.564229149400000E+00   2.000000000000000E+00
  -2.889867412900000E+00   9.528482465100000E+00  -9.176815753600000E+00  -2.564767184600000E+00   2.000000000000000E+00
  -2.894195587600000E+00   9.537294019899999E+00  -9.185814525300000E+00  -2.565304802500000E+00   2.000000000000000E+00
  -2.898529077400000E+00   9.546103402000000E+00  -9.194810763400000E+00  -2.565842003600000E+00   2.000000000000000E+00
  -2.902867876800000E+00   9.554910609200000E+00  -9.203804466899999E+00  -2.566378788300000E+00   2.000000000000000E+00
  -2.907211980000000E+00   9.563715639200000E+00  -9.212795634500001E+00  -2.566915157200000E+00   2.000000000000000E+00
  -2.911561381200000E+00   9.572518490000000E+00  -9.221784265300000E+00  -2.567451110700000E+00   2.000000000000000E+00
  -2.915916074700000E+00   9.581319159400000E+00  -9.230770357999999E+00  -2.567986649400000E+00   2.000000000000000E+00
  -2.920276054800000E+00   9.590117645199999E+00  -9.239753911599999E+00  -2.568521773600000E+00   2.000000000000000E+00
  -2.924641315800000E+00   9.598913945400000E+00  -9.248734925000001E+00  -2.569056484000000E+00   2.000000000000000E+00
  -2.929011851900000E+00   9.607708057800000E+00  -9.257713397100000E+00  -2.569590781000000E+00   2.000000000000000E+00
  -2.933387657500000E+00   9.616499980400000E+00  -9.266689326800000E+00  -2.570124665100000E+00   2.000000000000000E+00
  -2.937768726700000E+00   9.625289711100001E+00  -9.275662712999999E+00  -2.570658136800000E+00   2.000000000000000E+00
  -2.942155053900000E+00   9.634077247700001E+00  -9.284633554699999E+00  -2.571191196600000E+00   2.000000000000000E+00
  -2.946546633400000E+00   9.642862588300000E+00  -9.293601850800000E+00  -2.571723844900000E+00   2.000000000000000E+00
  -2.950943459400000E+00   9.651645730700000E+00  -9.302567600400000E+00  -2.572256082200000E+00   2.000000000000000E+00
  -2.955345526200000E+00   9.660426673100000E+00  -9.311530802200000E+00  -2.572787909100000E+00   2.000000000000000E+00
  -2.959752828200000E+00   9.669205413300000E+00  -9.320491455399999E+00  -2.573319326000000E+00   2.000000000000000E+00
  -2.964165359500000E+00   9.677981949299999E+00  -9.329449558900000E+00  -2.573850333400000E+00   2.000000000000000E+00
  -2.968583114500000E+00   9.686756279200001E+00  -9.338405111700000E+00  -2.574380931700000E+00   2.000000000000000E+00
  -2.973006087600000E+00   9.695528400900001E+00  -9.347358112800000E+00  -2.574911121600000E+00   2.000000000000000E+00
  -2.977434272800000E+00   9.704298312500001E+00  -9.356308561200001E+00  -2.575440903400000E+00   2.000000000000000E+00
  -2.981867664700000E+00   9.713066012100001E+00  -9.365256455900001E+00  -2.575970277600000E+00   2.000000000000000E+00
  -2.986306257400000E+00   9.721831497700000E+00  -9.374201795899999E+00  -2.576499244700000E+00   2.000000000000000E+00
  -2.990750045300000E+00   9.730594767300000E+00  -9.383144580400000E+00  -2.577027805200000E+00   2.000000000000000E+00
  -2.995199022600000E+00   9.739355819000000E+00  -9.392084808200000E+00  -2.577555959600000E+00   2.000000000000000E+00
  -2.999653183700000E+00   9.748114650900000E+00  -9.401022478500000E+00  -2.578083708300000E+00   2.000000000000000E+00
  -3.004112522900000E+00   9.756871261200001E+00  -9.409957590299999E+00  -2.578611051900000E+00   2.000000000000000E+00
  -3.008577034400000E+00   9.765625647900000E+00  -9.418890142700000E+00  -2.579137990700000E+00   2.000000000000000E+00
  -3.013046712600000E+00   9.774377809200001E+00  -9.427820134699999E+00  -2.579664525400000E+00   2.000000000000000E+00
  -3.017521551800000E+00   9.783127743100000E+00  -9.436747565499999E+00  -2.580190656300000E+00   2.000000000000000E+00
  -3.022001546200000E+00   9.791875447900001E+00  -9.445672434200000E+00  -2.580716383900000E+00   2.000000000000000E+00
  -3.026486690300000E+00   9.800620921700000E+00  -9.454594739699999E+00  -2.581241708700000E+00   2.000000000000000E+00
  -3.030976978300000E+00   9.809364162700000E+00  -9.463514481300001E+00  -2.581766631300000E+00   2.000000000000000E+00
  -3.035472404500000E+00   9.818105169000001E+00  -9.472431658100000E+00  -2.582291152000000E+00   2.000000000000000E+00
  -3.039972963300000E+00   9.826843938900000E+00  -9.481346269099999E+00  -2.582815271300000E+00   2.000000000000000E+00
  -3.044478649000000E+00   9.835580470500000E+00  -9.490258313500000E+00  -2.583338989700000E+00   2.000000000000000E+00
  -3.048989455800000E+00   9.844314762200000E+00  -9.499167790500000E+00  -2.583862307700000E+00   2.000000000000000E+00
  -3.053505378200000E+00   9.853046812000001E+00  -9.508074699100000E+00  -2.584385225800000E+00   2.000000000000000E+00
  -3.058026410400000E+00   9.861776618200000E+00  -9.516979038600001E+00  -2.584907744300000E+00   2.000000000000000E+00
  -3.062552546800000E+00   9.870504179199999E+00  -9.525880808100000E+00  -2.585429863900000E+00   2.000000000000000E+00
  -3.067083781700000E+00   9.879229493100000E+00  -9.534780006800000E+00  -2.585951584900000E+00   2.000000000000000E+00
  -3.071620109500000E+00   9.887952558300000E+00  -9.543676633900001E+00  -2.586472907900000E+00   2.000000000000000E+00
  -3.076161524400000E+00   9.896673373000000E+00  -9.552570688499999E+00  -2.586993833200000E+00   2.000000000000000E+00
  -3.080708020800000E+00   9.905391935500001E+00  -9.561462169800000E+00  -2.587514361400000E+00   2.000000000000000E+00
  -3.085259593100000E+00   9.914108244099999E+00  -9.570351077100000E+00  -2.588034492900000E+00   2.000000000000000E+00
  -3.089816235600000E+00   9.922822297200000E+00  -9.579237409599999E+00  -2.588554228300000E+00   2.000000000000000E+00
  -3.094377942600000E+00   9.931534093000000E+00  -9.588121166400001E+00  -2.589073567900000E+00   2.000000000000000E+00
  -3.098944708600000E+00   9.940243629999999E+00  -9.597002346800000E+00  -2.589592512200000E+00   2.000000000000000E+00
  -3.103516527700000E+00   9.948950906500000E+00  -9.605880950100000E+00  -2.590111061700000E+00   2.000000000000000E+00
  -3.108093394400000E+00   9.957655920800001E+00  -9.614756975500001E+00  -2.590629216900000E+00   2.000000000000000E+00
  -3.112675303100000E+00   9.966358671300000E+00  -9.623630422200000E+00  -2.591146978200000E+00   2.000000000000000E+00
  -3.117262248100000E+00   9.975059156400000E+00  -9.632501289400000E+00  -2.591664346100000E+00   2.000000000000000E+00
  -3.121854223700000E+00   9.983757374500000E+00  -9.641369576600001E+00  -2.592181321000000E+00   2.000000000000000E+00
  -3.126451224300000E+00   9.992453324000000E+00  -9.650235282900001E+00  -2.592697903400000E+00   2.000000000000000E+00
  -3.131053244300000E+00   1.000114700300000E+01  -9.659098407500000E+00  -2.593214093800000E+00   2.000000000000000E+00
  -3.135660278100000E+00   1.000983841100000E+01  -9.667958949899999E+00  -2.593729892700000E+00   2.000000000000000E+00
  -3.140272320000000E+00   1.001852754500000E+01  -9.676816909299999E+00  -2.594245300400000E+00   2.000000000000000E+00
  -3.144889364300000E+00   1.002721440500000E+01  -9.685672285000001E+00  -2.594760317500000E+00   2.000000000000000E+00
  -3.149511405500000E+00   1.003589898800000E+01  -9.694525076400000E+00  -2.595274944300000E+00   2.000000000000000E+00
  -3.154138438000000E+00   1.004458129300000E+01  -9.703375282600000E+00  -2.595789181500000E+00   2.000000000000000E+00
  -3.158770456100000E+00   1.005326131900000E+01  -9.712222903100001E+00  -2.596303029300000E+00   2.000000000000000E+00
  -3.163407454100000E+00   1.006193906300000E+01  -9.721067937300001E+00  -2.596816488300000E+00   2.000000000000000E+00
  -3.168049426600000E+00   1.007061452600000E+01  -9.729910384400000E+00  -2.597329559000000E+00   2.000000000000000E+00
  -3.172696367800000E+00   1.007928770400000E+01  -9.738750243700000E+00  -2.597842241800000E+00   2.000000000000000E+00
  -3.177348272100000E+00   1.008795859700000E+01  -9.747587514799999E+00  -2.598354537100000E+00   2.000000000000000E+00
  -3.182005134000000E+00   1.009662720300000E+01  -9.756422196799999E+00  -2.598866445400000E+00   2.000000000000000E+00
  -3.186666947900000E+00   1.010529352100000E+01  -9.765254289300000E+00  -2.599377967100000E+00   2.000000000000000E+00
  -3.191333708100000E+00   1.011395754900000E+01  -9.774083791500001E+00  -2.599889102800000E+00   2.000000000000000E+00
  -3.196005409000000E+00   1.012261928600000E+01  -9.782910702900001E+00  -2.600399852800000E+00   2.000000000000000E+00
  -3.200682045100000E+00   1.013127873100000E+01  -9.791735022899999E+00  -2.600910217600000E+00   2.000000000000000E+00
  -3.205363610800000E+00   1.013993588100000E+01  -9.800556750800000E+00  -2.601420197700000E+00   2.000000000000000E+00
  -3.210050100400000E+00   1.014859073600000E+01  -9.809375886100000E+00  -2.601929793500000E+00   2.000000000000000E+00
  -3.214741508300000E+00   1.015724329400000E+01  -9.818192428200000E+00  -2.602439005400000E+00   2.000000000000000E+00
  -3.219437829100000E+00   1.016589355400000E+01  -9.827006376500000E+00  -2.602947834000000E+00   2.000000000000000E+00
  -3.224139057100000E+00   1.017454151400000E+01  -9.835817730400001E+00  -2.603456279600000E+00   2.000000000000000E+00
  -3.228845186700000E+00   1.018318717400000E+01  -9.844626489500000E+00  -2.603964342700000E+00   2.000000000000000E+00
  -3.233556212300000E+00   1.019183053100000E+01  -9.853432653100000E+00  -2.604472023800000E+00   2.000000000000000E+00
  -3.238272128400000E+00   1.020047158500000E+01  -9.862236220700000E+00  -2.604979323300000E+00   2.000000000000000E+00
  -3.242992929500000E+00   1.020911033300000E+01  -9.871037191699999E+00  -2.605486241600000E+00   2.000000000000000E+00
  -3.247718609800000E+00   1.021774677600000E+01  -9.879835565700001E+00  -2.605992779300000E+00   2.000000000000000E+00
  -3.252449164000000E+00   1.022638091000000E+01  -9.888631342100000E+00  -2.606498936700000E+00   2.000000000000000E+00
  -3.257184586300000E+00   1.023501273600000E+01  -9.897424520300000E+00  -2.607004714200000E+00   2.000000000000000E+00
  -3.261924871400000E+00   1.024364225200000E+01  -9.906215100000001E+00  -2.607510112400000E+00   2.000000000000000E+00
  -3.266670013500000E+00   1.025226945700000E+01  -9.915003080500000E+00  -2.608015131700000E+00   2.000000000000000E+00
  -3.271420007100000E+00   1.026089434800000E+01  -9.923788461399999E+00  -2.608519772500000E+00   2.000000000000000E+00
  -3.276174846800000E+00   1.026951692600000E+01  -9.932571242300000E+00  -2.609024035200000E+00   2.000000000000000E+00
  -3.280934526900000E+00   1.027813718900000E+01  -9.941351422500000E+00  -2.609527920400000E+00   2.000000000000000E+00
  -3.285699042000000E+00   1.028675513500000E+01  -9.950129001700001E+00  -2.610031428300000E+00   2.000000000000000E+00
  -3.290468386400000E+00   1.029537076300000E+01  -9.958903979300000E+00  -2.610534559600000E+00   2.000000000000000E+00
  -3.295242554600000E+00   1.030398407300000E+01  -9.967676355000000E+00  -2.611037314600000E+00   2.000000000000000E+00
  -3.300021541200000E+00   1.031259506200000E+01  -9.976446128199999E+00  -2.611539693800000E+00   2.000000000000000E+00
  -3.304805340500000E+00   1.032120373100000E+01  -9.985213298600000E+00  -2.612041697500000E+00   2.000000000000000E+00
  -3.309593947100000E+00   1.032981007600000E+01  -9.993977865600000E+00  -2.612543326300000E+00   2.000000000000000E+00
  -3.314387355400000E+00   1.033841409800000E+01  -1.000273982900000E+01  -2.613044580600000E+00   2.000000000000000E+00
  -3.319185559900000E+00   1.034701579500000E+01  -1.001149918800000E+01  -2.613545460800000E+00   2.000000000000000E+00
  -3.323988555100000E+00   1.035561516600000E+01  -1.002025594300000E+01  -2.614045967300000E+00   2.000000000000000E+00
  -3.328796335500000E+00   1.036421221000000E+01  -1.002901009200000E+01  -2.614546100700000E+00   2.000000000000000E+00
  -3.333608895500000E+00   1.037280692600000E+01  -1.003776163600000E+01  -2.615045861200000E+00   2.000000000000000E+00
  -3.338426229700000E+00   1.038139931200000E+01  -1.004651057500000E+01  -2.615545249500000E+00   2.000000000000000E+00
  -3.343248332600000E+00   1.038998936800000E+01  -1.005525690700000E+01  -2.616044265800000E+00   2.000000000000000E+00
  -3.348075198600000E+00   1.039857709200000E+01  -1.006400063300000E+01  -2.616542910600000E+00   2.000000000000000E+00
  -3.352906822300000E+00   1.040716248300000E+01  -1.007274175100000E+01  -2.617041184400000E+00   2.000000000000000E+00
  -3.357743198200000E+00   1.041574554000000E+01  -1.008148026300000E+01  -2.617539087600000E+00   2.000000000000000E+00
  -3.362584320700000E+00   1.042432626300000E+01  -1.009021616600000E+01  -2.618036620700000E+00   2.000000000000000E+00
  -3.367430184400000E+00   1.043290464900000E+01  -1.009894946200000E+01  -2.618533783900000E+00   2.000000000000000E+00
  -3.372280783800000E+00   1.044148069800000E+01  -1.010768014900000E+01  -2.619030577900000E+00   2.000000000000000E+00
  -3.377136113500000E+00   1.045005440900000E+01  -1.011640822800000E+01  -2.619527003000000E+00   2.000000000000000E+00
  -3.381996167900000E+00   1.045862578100000E+01  -1.012513369700000E+01  -2.620023059700000E+00   2.000000000000000E+00
  -3.386860941600000E+00   1.046719481200000E+01  -1.013385655800000E+01  -2.620518748300000E+00   2.000000000000000E+00
  -3.391730429200000E+00   1.047576150300000E+01  -1.014257680800000E+01  -2.621014069300000E+00   2.000000000000000E+00
  -3.396604625000000E+00   1.048432585000000E+01  -1.015129444900000E+01  -2.621509023200000E+00   2.000000000000000E+00
  -3.401483523800000E+00   1.049288785500000E+01  -1.016000947900000E+01  -2.622003610300000E+00   2.000000000000000E+00
  -3.406367120000000E+00   1.050144751500000E+01  -1.016872189800000E+01  -2.622497831100000E+00   2.000000000000000E+00
  -3.411255408200000E+00   1.051000483000000E+01  -1.017743170700000E+01  -2.622991686100000E+00   2.000000000000000E+00
  -3.416148382900000E+00   1.051855979900000E+01  -1.018613890400000E+01  -2.623485175600000E+00   2.000000000000000E+00
  -3.421046038700000E+00   1.052711242000000E+01  -1.019484349000000E+01  -2.623978300000000E+00   2.000000000000000E+00
  -3.425948370200000E+00   1.053566269300000E+01  -1.020354546400000E+01  -2.624471059900000E+00   2.000000000000000E+00
  -3.430855371800000E+00   1.054421061700000E+01  -1.021224482600000E+01  -2.624963455500000E+00   2.000000000000000E+00
  -3.435767038200000E+00   1.055275619100000E+01  -1.022094157600000E+01  -2.625455487500000E+00   2.000000000000000E+00
  -3.440683364000000E+00   1.056129941300000E+01  -1.022963571400000E+01  -2.625947156000000E+00   2.000000000000000E+00
  -3.445604343600000E+00   1.056984028400000E+01  -1.023832723800000E+01  -2.626438461700000E+00   2.000000000000000E+00
  -3.450529971700000E+00   1.057837880100000E+01  -1.024701614900000E+01  -2.626929404900000E+00   2.000000000000000E+00
  -3.455460242900000E+00   1.058691496500000E+01  -1.025570244800000E+01  -2.627419986000000E+00   2.000000000000000E+00
  -3.460395151800000E+00   1.059544877400000E+01  -1.026438613200000E+01  -2.627910205500000E+00   2.000000000000000E+00
  -3.465334692800000E+00   1.060398022700000E+01  -1.027306720300000E+01  -2.628400063700000E+00   2.000000000000000E+00
  -3.470278860700000E+00   1.061250932400000E+01  -1.028174566000000E+01  -2.628889561100000E+00   2.000000000000000E+00
  -3.475227650000000E+00   1.062103606300000E+01  -1.029042150300000E+01  -2.629378698200000E+00   2.000000000000000E+00
  -3.480181055400000E+00   1.062956044400000E+01  -1.029909473200000E+01  -2.629867475300000E+00   2.000000000000000E+00
  -3.485139071300000E+00   1.063808246500000E+01  -1.030776534600000E+01  -2.630355892800000E+00   2.000000000000000E+00
  -3.490101692500000E+00   1.064660212700000E+01  -1.031643334500000E+01  -2.630843951200000E+00   2.000000000000000E+00
  -3.495068913500000E+00   1.065511942800000E+01  -1.032509872900000E+01  -2.631331650900000E+00   2.000000000000000E+00
  -3.500040728900000E+00   1.066363436700000E+01  -1.033376149800000E+01  -2.631818992300000E+00   2.000000000000000E+00
  -3.505017133400000E+00   1.067214694300000E+01  -1.034242165200000E+01  -2.632305975800000E+00   2.000000000000000E+00
  -3.509998121700000E+00   1.068065715600000E+01  -1.035107919100000E+01  -2.632792601800000E+00   2.000000000000000E+00
  -3.514983688200000E+00   1.068916500500000E+01  -1.035973411300000E+01  -2.633278870800000E+00   2.000000000000000E+00
  -3.519973827600000E+00   1.069767048900000E+01  -1.036838642000000E+01  -2.633764783200000E+00   2.000000000000000E+00
  -3.524968534700000E+00   1.070617360700000E+01  -1.037703611200000E+01  -2.634250339400000E+00   2.000000000000000E+00
  -3.529967803900000E+00   1.071467435900000E+01  -1.038568318700000E+01  -2.634735539700000E+00   2.000000000000000E+00
  -3.534971630000000E+00   1.072317274300000E+01  -1.039432764600000E+01  -2.635220384600000E+00   2.000000000000000E+00
  -3.539980007600000E+00   1.073166875900000E+01  -1.040296948800000E+01  -2.635704874600000E+00   2.000000000000000E+00
  -3.544992931400000E+00   1.074016240600000E+01  -1.041160871400000E+01  -2.636189010000000E+00   2.000000000000000E+00
  -3.550010396000000E+00   1.074865368400000E+01  -1.042024532400000E+01  -2.636672791200000E+00   2.000000000000000E+00
  -3.555032396000000E+00   1.075714259100000E+01  -1.042887931700000E+01  -2.637156218700000E+00   2.000000000000000E+00
  -3.560058926200000E+00   1.076562912700000E+01  -1.043751069300000E+01  -2.637639292900000E+00   2.000000000000000E+00
  -3.565089981100000E+00   1.077411329100000E+01  -1.044613945200000E+01  -2.638122014100000E+00   2.000000000000000E+00
  -3.570125555500000E+00   1.078259508300000E+01  -1.045476559400000E+01  -2.638604382800000E+00   2.000000000000000E+00
  -3.575165644100000E+00   1.079107450100000E+01  -1.046338912000000E+01  -2.639086399400000E+00   2.000000000000000E+00
  -3.580210241400000E+00   1.079955154600000E+01  -1.047201002800000E+01  -2.639568064300000E+00   2.000000000000000E+00
  -3.585259342200000E+00   1.080802621500000E+01  -1.048062831900000E+01  -2.640049377900000E+00   2.000000000000000E+00
  -3.590312941300000E+00   1.081649851000000E+01  -1.048924399200000E+01  -2.640530340600000E+00   2.000000000000000E+00
  -3.595371033200000E+00   1.082496842800000E+01  -1.049785704900000E+01  -2.641010952900000E+00   2.000000000000000E+00
  -3.600433612600000E+00   1.083343596900000E+01  -1.050646748700000E+01  -2.641491215100000E+00   2.000000000000000E+00
  -3.605500674400000E+00   1.084190113300000E+01  -1.051507530900000E+01  -2.641971127600000E+00   2.000000000000000E+00
  -3.610572213100000E+00   1.085036392000000E+01  -1.052368051300000E+01  -2.642450690800000E+00   2.000000000000000E+00
  -3.615648223400000E+00   1.085882432700000E+01  -1.053228309900000E+01  -2.642929905200000E+00   2.000000000000000E+00
  -3.620728700200000E+00   1.086728235500000E+01  -1.054088306800000E+01  -2.643408771100000E+00   2.000000000000000E+00
  -3.625813638000000E+00   1.087573800300000E+01  -1.054948041900000E+01  -2.643887289000000E+00   2.000000000000000E+00
  -3.630903031700000E+00   1.088419127000000E+01  -1.055807515300000E+01  -2.644365459200000E+00   2.000000000000000E+00
  -3.635996875900000E+00   1.089264215700000E+01  -1.056666726900000E+01  -2.644843282200000E+00   2.000000000000000E+00
  -3.641095165400000E+00   1.090109066100000E+01  -1.057525676700000E+01  -2.645320758400000E+00   2.000000000000000E+00
  -3.646197894900000E+00   1.090953678300000E+01  -1.058384364800000E+01  -2.645797888100000E+00   2.000000000000000E+00
  -3.651305059200000E+00   1.091798052200000E+01  -1.059242791000000E+01  -2.646274671700000E+00   2.000000000000000E+00
  -3.656416652900000E+00   1.092642187700000E+01  -1.060100955600000E+01  -2.646751109800000E+00   2.000000000000000E+00
  -3.661532670800000E+00   1.093486084800000E+01  -1.060958858300000E+01  -2.647227202500000E+00   2.000000000000000E+00
  -3.666653107800000E+00   1.094329743500000E+01  -1.061816499400000E+01  -2.647702950500000E+00   2.000000000000000E+00
  -3.671777958400000E+00   1.095173163600000E+01  -1.062673878600000E+01  -2.648178354000000E+00   2.000000000000000E+00
  -3.676907217600000E+00   1.096016345100000E+01  -1.063530996100000E+01  -2.648653413500000E+00   2.000000000000000E+00
  -3.682040880000000E+00   1.096859288000000E+01  -1.064387851800000E+01  -2.649128129300000E+00   2.000000000000000E+00
  -3.687178940400000E+00   1.097701992100000E+01  -1.065244445800000E+01  -2.649602501800000E+00   2.000000000000000E+00
  -3.692321393700000E+00   1.098544457500000E+01  -1.066100778100000E+01  -2.650076531600000E+00   2.000000000000000E+00
  -3.697468234500000E+00   1.099386684200000E+01  -1.066956848600000E+01  -2.650550218800000E+00   2.000000000000000E+00
  -3.702619457600000E+00   1.100228671900000E+01  -1.067812657300000E+01  -2.651023564000000E+00   2.000000000000000E+00
  -3.707775057900000E+00   1.101070420800000E+01  -1.068668204400000E+01  -2.651496567600000E+00   2.000000000000000E+00
  -3.712935030100000E+00   1.101911930700000E+01  -1.069523489700000E+01  -2.651969229800000E+00   2.000000000000000E+00
  -3.718099369000000E+00   1.102753201500000E+01  -1.070378513300000E+01  -2.652441551200000E+00   2.000000000000000E+00
  -3.723268069400000E+00   1.103594233400000E+01  -1.071233275200000E+01  -2.652913532100000E+00   2.000000000000000E+00
  -3.728441126100000E+00   1.104435026100000E+01  -1.072087775400000E+01  -2.653385173000000E+00   2.000000000000000E+00
  -3.733618534000000E+00   1.105275579700000E+01  -1.072942013900000E+01  -2.653856474100000E+00   2.000000000000000E+00
  -3.738800287800000E+00   1.106115894000000E+01  -1.073795990700000E+01  -2.654327435900000E+00   2.000000000000000E+00
  -3.743986382300000E+00   1.106955969200000E+01  -1.074649705900000E+01  -2.654798058900000E+00   2.000000000000000E+00
  -3.749176812400000E+00   1.107795805000000E+01  -1.075503159400000E+01  -2.655268343300000E+00   2.000000000000000E+00
  -3.754371572900000E+00   1.108635401500000E+01  -1.076356351200000E+01  -2.655738289500000E+00   2.000000000000000E+00
  -3.759570658600000E+00   1.109474758600000E+01  -1.077209281400000E+01  -2.656207898100000E+00   2.000000000000000E+00
  -3.764774064400000E+00   1.110313876300000E+01  -1.078061950000000E+01  -2.656677169200000E+00   2.000000000000000E+00
  -3.769981785100000E+00   1.111152754500000E+01  -1.078914357000000E+01  -2.657146103500000E+00   2.000000000000000E+00
  -3.775193815500000E+00   1.111991393300000E+01  -1.079766502400000E+01  -2.657614701100000E+00   2.000000000000000E+00
  -3.780410150400000E+00   1.112829792400000E+01  -1.080618386200000E+01  -2.658082962600000E+00   2.000000000000000E+00
  -3.785630784900000E+00   1.113667952000000E+01  -1.081470008400000E+01  -2.658550888200000E+00   2.000000000000000E+00
  -3.790855713600000E+00   1.114505872000000E+01  -1.082321369100000E+01  -2.659018478500000E+00   2.000000000000000E+00
  -3.796084931400000E+00   1.115343552300000E+01  -1.083172468200000E+01  -2.659485733800000E+00   2.000000000000000E+00
  -3.801318433300000E+00   1.116180992900000E+01  -1.084023305800000E+01  -2.659952654400000E+00   2.000000000000000E+00
  -3.806556214100000E+00   1.117018193700000E+01  -1.084873881900000E+01  -2.660419240700000E+00   2.000000000000000E+00
  -3.811798268600000E+00   1.117855154800000E+01  -1.085724196500000E+01  -2.660885493200000E+00   2.000000000000000E+00
  -3.817044591700000E+00   1.118691876000000E+01  -1.086574249700000E+01  -2.661351412200000E+00   2.000000000000000E+00
  -3.822295178400000E+00   1.119528357400000E+01  -1.087424041300000E+01  -2.661816998100000E+00   2.000000000000000E+00
  -3.827550023500000E+00   1.120364598900000E+01  -1.088273571600000E+01  -2.662282251300000E+00   2.000000000000000E+00
  -3.832809121900000E+00   1.121200600500000E+01  -1.089122840400000E+01  -2.662747172200000E+00   2.000000000000000E+00
  -3.838072468500000E+00   1.122036362100000E+01  -1.089971847800000E+01  -2.663211761200000E+00   2.000000000000000E+00
  -3.843340058200000E+00   1.122871883700000E+01  -1.090820593900000E+01  -2.663676018500000E+00   2.000000000000000E+00
  -3.848611885900000E+00   1.123707165400000E+01  -1.091669078500000E+01  -2.664139944700000E+00   2.000000000000000E+00
  -3.853887946500000E+00   1.124542206900000E+01  -1.092517301900000E+01  -2.664603540100000E+00   2.000000000000000E+00
  -3.859168235000000E+00   1.125377008400000E+01  -1.093365263900000E+01  -2.665066805100000E+00   2.000000000000000E+00
  -3.864452746200000E+00   1.126211569800000E+01  -1.094212964600000E+01  -2.665529740000000E+00   2.000000000000000E+00
  -3.869741475200000E+00   1.127045891000000E+01  -1.095060404100000E+01  -2.665992345200000E+00   2.000000000000000E+00
  -3.875034416700000E+00   1.127879972100000E+01  -1.095907582300000E+01  -2.666454621200000E+00   2.000000000000000E+00
  -3.880331565800000E+00   1.128713812900000E+01  -1.096754499300000E+01  -2.666916568300000E+00   2.000000000000000E+00
  -3.885632917300000E+00   1.129547413600000E+01  -1.097601155000000E+01  -2.667378186900000E+00   2.000000000000000E+00
  -3.890938466300000E+00   1.130380773900000E+01  -1.098447549600000E+01  -2.667839477300000E+00   2.000000000000000E+00
  -3.896248207700000E+00   1.131213894000000E+01  -1.099293683100000E+01  -2.668300439900000E+00   2.000000000000000E+00
  -3.901562136400000E+00   1.132046773800000E+01  -1.100139555400000E+01  -2.668761075200000E+00   2.000000000000000E+00
  -3.906880247400000E+00   1.132879413300000E+01  -1.100985166600000E+01  -2.669221383400000E+00   2.000000000000000E+00
  -3.912202535600000E+00   1.133711812400000E+01  -1.101830516700000E+01  -2.669681365000000E+00   2.000000000000000E+00
  -3.917528996100000E+00   1.134543971100000E+01  -1.102675605800000E+01  -2.670141020300000E+00   2.000000000000000E+00
  -3.922859623800000E+00   1.135375889400000E+01  -1.103520433900000E+01  -2.670600349800000E+00   2.000000000000000E+00
  -3.928194413600000E+00   1.136207567300000E+01  -1.104365000900000E+01  -2.671059353700000E+00   2.000000000000000E+00
  -3.933533360600000E+00   1.137039004800000E+01  -1.105209307000000E+01  -2.671518032500000E+00   2.000000000000000E+00
  -3.938876459800000E+00   1.137870201700000E+01  -1.106053352200000E+01  -2.671976386500000E+00   2.000000000000000E+00
  -3.944223706100000E+00   1.138701158200000E+01  -1.106897136400000E+01  -2.672434416200000E+00   2.000000000000000E+00
  -3.949575094500000E+00   1.139531874200000E+01  -1.107740659800000E+01  -2.672892121800000E+00   2.000000000000000E+00
  -3.954930620000000E+00   1.140362349700000E+01  -1.108583922300000E+01  -2.673349503700000E+00   2.000000000000000E+00
  -3.960290277700000E+00   1.141192584600000E+01  -1.109426924000000E+01  -2.673806562400000E+00   2.000000000000000E+00
  -3.965654062500000E+00   1.142022578900000E+01  -1.110269665000000E+01  -2.674263298200000E+00   2.000000000000000E+00
  -3.971021969500000E+00   1.142852332700000E+01  -1.111112145100000E+01  -2.674719711400000E+00   2.000000000000000E+00
  -3.976393993700000E+00   1.143681845900000E+01  -1.111954364500000E+01  -2.675175802500000E+00   2.000000000000000E+00
  -3.981770130000000E+00   1.144511118400000E+01  -1.112796323300000E+01  -2.675631571800000E+00   2.000000000000000E+00
  -3.987150373600000E+00   1.145340150300000E+01  -1.113638021400000E+01  -2.676087019600000E+00   2.000000000000000E+00
  -3.992534719500000E+00   1.146168941600000E+01  -1.114479458800000E+01  -2.676542146400000E+00   2.000000000000000E+00
  -3.997923162700000E+00   1.146997492200000E+01  -1.115320635700000E+01  -2.676996952500000E+00   2.000000000000000E+00
  -3.999999515400000E+00   1.147316529200000E+01  -1.115644530100000E+01  -2.677172027300000E+00   2.000000000000000E+00

